-4.000000 3.000000 72.000000 pad=1
-3.000000 4.000000 73.000000 pad=1
4.000000 6.000000 72.000000 pad=1
-26.000000 -19.000000 72.000000 pad=2
-11.000000 -18.000000 74.000000 pad=2
35.000000 0.000000 73.000000 pad=1
16.000000 48.000000 70.000000 pad=4
18.000000 -19.000000 74.000000 pad=2
-28.000000 7.000000 73.000000 pad=3
-12.000000 -14.000000 77.000000 pad=3
-12.000000 -14.000000 77.000000 pad=3
-12.000000 -14.000000 77.000000 pad=3
13.000000 -9.000000 76.000000 pad=3
18.000000 5.000000 77.000000 pad=3
29.000000 10.000000 80.000000 pad=3
40.000000 4.000000 78.000000 pad=3
40.000000 4.000000 78.000000 pad=3
57.000000 9.000000 79.000000 pad=3
58.000000 1.000000 74.000000 pad=3
58.000000 1.000000 74.000000 pad=3
