-6.000000 6.000000 59.000000 pad=1
-7.000000 7.000000 61.000000 pad=1
-9.000000 5.000000 61.000000 pad=1
-9.000000 5.000000 61.000000 pad=1
-7.000000 7.000000 61.000000 pad=1
-7.000000 7.000000 61.000000 pad=1
-7.000000 7.000000 61.000000 pad=1
3.000000 7.000000 63.000000 pad=1
3.000000 7.000000 63.000000 pad=1
3.000000 7.000000 63.000000 pad=1
14.000000 7.000000 62.000000 pad=1
14.000000 7.000000 62.000000 pad=1
12.000000 8.000000 62.000000 pad=1
12.000000 8.000000 62.000000 pad=1
18.000000 9.000000 61.000000 pad=1
18.000000 9.000000 61.000000 pad=1
18.000000 9.000000 61.000000 pad=1
33.000000 14.000000 56.000000 pad=1
33.000000 14.000000 56.000000 pad=1
33.000000 14.000000 56.000000 pad=1
33.000000 14.000000 56.000000 pad=1
33.000000 14.000000 56.000000 pad=1
32.000000 7.000000 58.000000 pad=1
32.000000 7.000000 58.000000 pad=1
32.000000 7.000000 58.000000 pad=1
32.000000 7.000000 58.000000 pad=1
32.000000 7.000000 58.000000 pad=1
32.000000 7.000000 58.000000 pad=1
32.000000 7.000000 58.000000 pad=1
32.000000 7.000000 58.000000 pad=1
32.000000 7.000000 58.000000 pad=1
32.000000 7.000000 58.000000 pad=1
32.000000 7.000000 58.000000 pad=1
32.000000 7.000000 58.000000 pad=1
32.000000 7.000000 58.000000 pad=1
32.000000 7.000000 58.000000 pad=1
-27.000000 -1.000000 59.000000 pad=3
-22.000000 1.000000 59.000000 pad=3
-22.000000 1.000000 59.000000 pad=3
-22.000000 1.000000 59.000000 pad=3
-16.000000 2.000000 59.000000 pad=3
-16.000000 2.000000 59.000000 pad=3
-16.000000 2.000000 59.000000 pad=3
0.000000 0.000000 58.000000 pad=3
0.000000 0.000000 58.000000 pad=3
4.000000 -1.000000 57.000000 pad=3
4.000000 -1.000000 57.000000 pad=3
14.000000 -2.000000 56.000000 pad=3
14.000000 -2.000000 56.000000 pad=3
14.000000 -2.000000 56.000000 pad=3
14.000000 -2.000000 56.000000 pad=3
14.000000 -2.000000 56.000000 pad=3
14.000000 -2.000000 56.000000 pad=3
14.000000 -2.000000 56.000000 pad=3
14.000000 -2.000000 56.000000 pad=3
14.000000 -2.000000 56.000000 pad=3
14.000000 -2.000000 56.000000 pad=3
14.000000 -2.000000 56.000000 pad=3
14.000000 -2.000000 56.000000 pad=3
14.000000 -2.000000 56.000000 pad=3
14.000000 -2.000000 56.000000 pad=3
14.000000 -2.000000 56.000000 pad=3
14.000000 -2.000000 56.000000 pad=3
14.000000 -2.000000 56.000000 pad=3
14.000000 -2.000000 56.000000 pad=3
0.000000 0.000000 0.000000 pad=-1
0.000000 0.000000 0.000000 pad=-1
0.000000 0.000000 0.000000 pad=-1
0.000000 0.000000 0.000000 pad=-1
0.000000 0.000000 0.000000 pad=-1
0.000000 0.000000 0.000000 pad=-1
0.000000 0.000000 0.000000 pad=-1
0.000000 0.000000 0.000000 pad=-1
0.000000 0.000000 0.000000 pad=-1
